Open 13,2,1999,02,07,7-6(1)_3-6_6-3
Open 13,2,1999,02,07,6-2_6-2
Open 13,2,1999,02,07,6-3_6-1
Open 13,2,1999,02,07,6-4_7-6(2)
Open 13,2,1999,02,07,6-4_6-2
Open 13,2,1999,02,07,7-6(5)_7-6(3)
Open 13,2,1999,02,07,6-4_7-5
Open 13,2,1999,02,07,6-1_6-7(2)_7-6(2)
Open 13,2,1999,02,07,6-3_6-4
Open 13,2,1999,02,07,7-5_6-0
Open 13,2,1999,02,07,7-6(4)_4-6_6-3
Open 13,2,1999,02,07,6-2_3-6_6-1
Open 13,2,1999,02,07,6-2_6-3
Open 13,2,1999,02,07,4-6_6-1_6-4
Open 13,2,1999,02,07,6-2_6-1
Open 13,2,1999,02,07,6-3_6-2
Open 13,2,1999,02,07,6-7(6)_7-6(5)_7-6(5)
Open 13,2,1999,02,07,6-2_6-3
Open 13,2,1999,02,07,7-5_7-5
Open 13,2,1999,02,07,0-6_7-6(2)_7-5
Open 13,2,1999,02,07,4-6_6-4_6-4
Open 13,2,1999,02,07,6-3_6-2
Open 13,2,1999,02,07,6-1_6-3
Open 13,2,1999,02,07,6-7(4)_6-4_6-2
Open 13,2,1999,02,07,6-3_6-3
Open 13,2,1999,02,07,7-6(7)_7-6(5)
Open 13,2,1999,02,07,6-2_6-1
Open 13,2,1999,02,07,6-4_6-3
Open 13,2,1999,02,07,6-4_6-1
Open 13,2,1999,02,07,6-4_6-4
Open 13,2,1999,02,07,6-3_4-6_6-4
