Open 13,2,1993,02,07,6-3_6-4
Open 13,2,1993,02,07,1-6_7-6(4)_7-6(3)
Open 13,2,1993,02,07,7-5_6-3
Open 13,2,1993,02,07,7-6(2)_2-0_RET
Open 13,2,1993,02,07,7-5_6-7(3)_7-6(3)
Open 13,2,1993,02,07,7-6(6)_6-3
Open 13,2,1993,02,07,7-6(4)_6-1
Open 13,2,1993,02,07,5-7_6-1_1-0_RET
Open 13,2,1993,02,07,7-6(9)_6-7(3)_7-6(3)
Open 13,2,1993,02,07,6-2_6-3
Open 13,2,1993,02,07,6-3_6-2
Open 13,2,1993,02,07,6-4_6-2
Open 13,2,1993,02,07,7-6(5)_6-1
Open 13,2,1993,02,07,6-1_6-4
Open 13,2,1993,02,07,6-4_6-3
Open 13,2,1993,02,07,3-6_6-3_7-5
Open 13,2,1993,02,07,6-4_5-7_6-4
Open 13,2,1993,02,07,6-2_7-5
Open 13,2,1993,02,07,6-2_7-6(5)
Open 13,2,1993,02,07,7-6(4)_6-1
Open 13,2,1993,02,07,6-4_6-4
Open 13,2,1993,02,07,6-3_6-0
Open 13,2,1993,02,07,3-6_6-4_6-1
Open 13,2,1993,02,07,6-4_5-7_6-4
Open 13,2,1993,02,07,6-3_6-3
Open 13,2,1993,02,07,3-6_6-4_6-0
Open 13,2,1993,02,07,6-4_6-4
Open 13,2,1993,02,07,7-6(2)_6-7(5)_6-1
Open 13,2,1993,02,07,7-6(4)_7-6(2)
Open 13,2,1993,02,07,6-2_6-4
Open 13,2,1993,02,07,6-2_7-6(1)
