Open 13,2,2002,02,17,6-3_7-5
Open 13,2,2002,02,17,3-6_7-5_7-6(5)
Open 13,2,2002,02,17,7-6(1)_1-6_6-1
Open 13,2,2002,02,17,6-4_2-1_RET
Open 13,2,2002,02,17,6-4_3-6_6-3
Open 13,2,2002,02,17,6-1_3-6_7-6(11)
Open 13,2,2002,02,17,6-2_6-3
Open 13,2,2002,02,17,6-4_6-3
Open 13,2,2002,02,17,6-3_6-3
Open 13,2,2002,02,17,6-3_1-6_6-2
Open 13,2,2002,02,17,6-4_6-4
Open 13,2,2002,02,17,6-4_6-2
Open 13,2,2002,02,17,7-6(5)_6-2
Open 13,2,2002,02,17,7-6(7)_7-6(1)
Open 13,2,2002,02,17,6-4_6-3
Open 13,2,2002,02,17,7-5_7-6(4)
Open 13,2,2002,02,17,6-0_5-7_6-3
Open 13,2,2002,02,17,7-6(6)_6-2
Open 13,2,2002,02,17,6-3_5-7_6-4
Open 13,2,2002,02,17,6-1_7-6(3)
Open 13,2,2002,02,17,7-6(3)_6-7(6)_7-6(5)
Open 13,2,2002,02,17,6-3_6-3
Open 13,2,2002,02,17,7-5_6-2
Open 13,2,2002,02,17,6-3_3-6_6-3
Open 13,2,2002,02,17,6-7(3)_6-4_7-5
Open 13,2,2002,02,17,6-3_7-5
Open 13,2,2002,02,17,6-3_7-5
Open 13,2,2002,02,17,6-3_7-6(5)
Open 13,2,2002,02,17,6-3_7-5
Open 13,2,2002,02,17,6-7(1)_7-6(10)_6-4
Open 13,2,2002,02,17,6-7(4)_6-3_6-1
