Open 13,2,2010,02,21,
Open 13,2,2010,02,21,6-3_3-6_6-4
Open 13,2,2010,02,21,6-7(5)_6-3_6-4
Open 13,2,2010,02,21,6-3_6-2
Open 13,2,2010,02,21,
Open 13,2,2010,02,21,7-6(3)_6-4
Open 13,2,2010,02,21,7-6(8)_6-1
Open 13,2,2010,02,21,7-5_4-6_7-6(2)
Open 13,2,2010,02,21,7-6(5)_7-6(3)
Open 13,2,2010,02,21,6-3_6-3
Open 13,2,2010,02,21,7-6(2)_7-5
Open 13,2,2010,02,21,
Open 13,2,2010,02,21,7-5_6-2
Open 13,2,2010,02,21,4-6_6-3_6-2
Open 13,2,2010,02,21,6-4_1-6_6-3
Open 13,2,2010,02,21,
Open 13,2,2010,02,21,6-7(5)_6-3_6-4
Open 13,2,2010,02,21,7-6(6)_6-4
Open 13,2,2010,02,21,6-2_3-6_6-1
Open 13,2,2010,02,21,6-3_2-6_6-2
Open 13,2,2010,02,21,6-4_6-4
Open 13,2,2010,02,21,7-6(4)_3-6_7-6(3)
Open 13,2,2010,02,21,6-1_3-6_6-2
Open 13,2,2010,02,21,7-6(9)_6-4
Open 13,2,2010,02,21,7-6(2)_6-4
Open 13,2,2010,02,21,7-5_6-7(4)_6-3
Open 13,2,2010,02,21,6-3_7-5
Open 13,2,2010,02,21,6-3_6-4
Open 13,2,2010,02,21,6-1_7-6(3)
Open 13,2,2010,02,21,7-6(11)_5-7_7-6(3)
Open 13,2,2010,02,21,6-3_6-4
