Open 13,2,2012,02,26,
Open 13,2,2012,02,26,6-3_6-4
Open 13,2,2012,02,26,6-2_7-6(4)
Open 13,2,2012,02,26,6-4_7-6(4)
Open 13,2,2012,02,26,
Open 13,2,2012,02,26,6-1_7-5
Open 13,2,2012,02,26,6-4_6-4
Open 13,2,2012,02,26,6-0_6-2
Open 13,2,2012,02,26,6-4_6-7(3)_6-3
Open 13,2,2012,02,26,7-6(2)_2-6_6-3
Open 13,2,2012,02,26,6-2_1-0_RET
Open 13,2,2012,02,26,
Open 13,2,2012,02,26,2-6_7-6(1)_6-3
Open 13,2,2012,02,26,7-6(2)_7-6(3)
Open 13,2,2012,02,26,6-4_6-3
Open 13,2,2012,02,26,
Open 13,2,2012,02,26,6-3_6-2
Open 13,2,2012,02,26,6-3_6-0
Open 13,2,2012,02,26,6-7(6)_6-4_RET
Open 13,2,2012,02,26,6-3_6-2
Open 13,2,2012,02,26,6-4_7-6(1)
Open 13,2,2012,02,26,6-4_6-2
Open 13,2,2012,02,26,6-4_5-7_7-6(5)
Open 13,2,2012,02,26,6-3_3-6_6-3
Open 13,2,2012,02,26,6-4_7-5
Open 13,2,2012,02,26,7-5_7-6(5)
Open 13,2,2012,02,26,6-4_6-4
Open 13,2,2012,02,26,7-6(5)_7-5
Open 13,2,2012,02,26,6-4_6-7(9)_6-3
Open 13,2,2012,02,26,6-4_7-6(10)
Open 13,2,2012,02,26,6-4_6-4
