Open 13,2,2009,02,22,7-6(4)_6-4
Open 13,2,2009,02,22,6-3_3-6_6-4
Open 13,2,2009,02,22,6-7(5)_6-3_6-4
Open 13,2,2009,02,22,4-6_6-3_6-2
Open 13,2,2009,02,22,7-6(5)_6-2
Open 13,2,2009,02,22,7-6(5)_7-6(1)
Open 13,2,2009,02,22,3-6_6-2_6-2
Open 13,2,2009,02,22,3-6_6-4_7-5
Open 13,2,2009,02,22,6-4_6-7(2)_6-1
Open 13,2,2009,02,22,7-6(5)_3-6_7-6(3)
Open 13,2,2009,02,22,7-6(2)_6-1
Open 13,2,2009,02,22,4-6_6-4_7-5
Open 13,2,2009,02,22,6-4_6-3
Open 13,2,2009,02,22,4-6_6-4_6-2
Open 13,2,2009,02,22,6-1_6-4
Open 13,2,2009,02,22,4-6_6-3_7-5
Open 13,2,2009,02,22,7-5_6-4
Open 13,2,2009,02,22,6-4_5-7_6-2
Open 13,2,2009,02,22,6-3_6-2
Open 13,2,2009,02,22,7-6(4)_7-6(1)
Open 13,2,2009,02,22,7-6(2)_6-3
Open 13,2,2009,02,22,6-3_7-6(1)
Open 13,2,2009,02,22,6-1_2-6_6-1
Open 13,2,2009,02,22,6-4_4-6_6-2
Open 13,2,2009,02,22,6-3_6-3
Open 13,2,2009,02,22,6-2_6-7(1)_6-4
Open 13,2,2009,02,22,7-6(4)_7-6(3)
Open 13,2,2009,02,22,6-2_6-4
Open 13,2,2009,02,22,6-4_7-6(1)
Open 13,2,2009,02,22,7-6(5)_6-2
Open 13,2,2009,02,22,7-5_7-6(3)
