Open 13,2,2008,02,17,6-1_6-4
Open 13,2,2008,02,17,6-2_6-4
Open 13,2,2008,02,17,6-2_7-6(5)
Open 13,2,2008,02,17,7-6(7)_7-6(4)
Open 13,2,2008,02,17,6-4_6-4
Open 13,2,2008,02,17,3-6_6-4_6-4
Open 13,2,2008,02,17,6-3_6-3
Open 13,2,2008,02,17,6-4_6-1
Open 13,2,2008,02,17,6-3_6-4
Open 13,2,2008,02,17,6-7(6)_7-5_7-6(4)
Open 13,2,2008,02,17,6-2_1-0_RET
Open 13,2,2008,02,17,6-4_7-6(3)
Open 13,2,2008,02,17,7-5_7-6(3)
Open 13,2,2008,02,17,7-6(5)_6-4
Open 13,2,2008,02,17,6-3_5-7_7-5
Open 13,2,2008,02,17,6-3_6-3
Open 13,2,2008,02,17,6-2_6-7(6)_6-3
Open 13,2,2008,02,17,7-6(4)_7-6(5)
Open 13,2,2008,02,17,3-6_7-6(5)_6-1
Open 13,2,2008,02,17,5-7_6-4_7-6(1)
Open 13,2,2008,02,17,6-4_6-4
Open 13,2,2008,02,17,7-5_6-3
Open 13,2,2008,02,17,6-3_6-2
Open 13,2,2008,02,17,4-6_6-3_6-2
Open 13,2,2008,02,17,6-3_6-4
Open 13,2,2008,02,17,7-5_7-6(5)
Open 13,2,2008,02,17,7-6(2)_6-3
Open 13,2,2008,02,17,6-3_6-7(4)_6-2
Open 13,2,2008,02,17,6-2_6-2
Open 13,2,2008,02,17,6-4_6-2
Open 13,2,2008,02,17,6-3_6-4
