Open 13,2,1994,02,06,6-7(3)_7-6(4)_6-3
Open 13,2,1994,02,06,7-6(4)_6-3
Open 13,2,1994,02,06,6-4_6-3
Open 13,2,1994,02,06,6-2_7-6(4)
Open 13,2,1994,02,06,6-4_6-3
Open 13,2,1994,02,06,6-4_6-2
Open 13,2,1994,02,06,7-5_6-4
Open 13,2,1994,02,06,6-4_3-2_RET
Open 13,2,1994,02,06,6-2_6-4
Open 13,2,1994,02,06,6-3_6-7(2)_7-6(5)
Open 13,2,1994,02,06,6-1_6-3
Open 13,2,1994,02,06,6-2_6-4
Open 13,2,1994,02,06,6-1_6-4
Open 13,2,1994,02,06,6-4_6-3
Open 13,2,1994,02,06,6-4_6-2
Open 13,2,1994,02,06,3-6_6-3_6-4
Open 13,2,1994,02,06,6-3_7-6(3)
Open 13,2,1994,02,06,6-2_3-6_7-6(3)
Open 13,2,1994,02,06,6-2_6-3
Open 13,2,1994,02,06,7-5_7-6(6)
Open 13,2,1994,02,06,6-4_7-6(8)
Open 13,2,1994,02,06,4-6_6-2_6-1
Open 13,2,1994,02,06,6-4_2-6_6-4
Open 13,2,1994,02,06,6-3_7-5
Open 13,2,1994,02,06,7-5_7-6(7)
Open 13,2,1994,02,06,7-6(4)_7-5
Open 13,2,1994,02,06,6-2_6-4
Open 13,2,1994,02,06,6-1_7-6(7)
Open 13,2,1994,02,06,6-2_2-6_6-4
Open 13,2,1994,02,06,7-6(3)_6-3
Open 13,2,1994,02,06,7-6(6)_7-6(4)
