Open 13,2,2011,02,20,
Open 13,2,2011,02,20,6-2_6-0
Open 13,2,2011,02,20,6-0_6-2
Open 13,2,2011,02,20,6-4_4-6_6-3
Open 13,2,2011,02,20,
Open 13,2,2011,02,20,5-7_6-4_7-6(2)
Open 13,2,2011,02,20,6-7(6)_7-5_7-6(4)
Open 13,2,2011,02,20,6-2_6-4
Open 13,2,2011,02,20,6-1_6-2
Open 13,2,2011,02,20,6-4_6-3
Open 13,2,2011,02,20,7-6(6)_6-4
Open 13,2,2011,02,20,
Open 13,2,2011,02,20,7-6(2)_6-1
Open 13,2,2011,02,20,6-7(6)_6-3_6-2
Open 13,2,2011,02,20,6-3_6-2
Open 13,2,2011,02,20,
Open 13,2,2011,02,20,7-6(8)_7-6(5)
Open 13,2,2011,02,20,6-3_6-4
Open 13,2,2011,02,20,7-5_6-3
Open 13,2,2011,02,20,7-6(4)_6-3
Open 13,2,2011,02,20,5-7_6-4_6-2
Open 13,2,2011,02,20,3-6_6-3_6-3
Open 13,2,2011,02,20,7-6(3)_6-3
Open 13,2,2011,02,20,6-3_6-4
Open 13,2,2011,02,20,6-1_6-4
Open 13,2,2011,02,20,6-4_2-6_6-1
Open 13,2,2011,02,20,6-4_2-6_6-4
Open 13,2,2011,02,20,6-3_6-4
Open 13,2,2011,02,20,7-5_6-1
Open 13,2,2011,02,20,6-2_1-6_7-5
Open 13,2,2011,02,20,6-7(8)_6-3_6-3
