Open 13,2,1998,02,08,6-4_6-3
Open 13,2,1998,02,08,7-6(2)_6-4
Open 13,2,1998,02,08,4-6_7-6(5)_6-0
Open 13,2,1998,02,08,6-7(3)_6-3_6-3
Open 13,2,1998,02,08,6-2_6-4
Open 13,2,1998,02,08,6-3_6-1
Open 13,2,1998,02,08,7-6(3)_6-2
Open 13,2,1998,02,08,7-6(3)_3-6_7-5
Open 13,2,1998,02,08,6-4_6-3
Open 13,2,1998,02,08,6-3_3-6_7-6(1)
Open 13,2,1998,02,08,6-7(1)_6-4_6-2
Open 13,2,1998,02,08,6-2_4-6_6-3
Open 13,2,1998,02,08,6-3_6-3
Open 13,2,1998,02,08,7-6(10)_7-6(4)
Open 13,2,1998,02,08,6-3_6-4
Open 13,2,1998,02,08,6-4_6-3
Open 13,2,1998,02,08,6-1_3-6_6-4
Open 13,2,1998,02,08,6-1_6-4
Open 13,2,1998,02,08,7-5_6-2
Open 13,2,1998,02,08,7-5_6-1
Open 13,2,1998,02,08,6-2_6-3
Open 13,2,1998,02,08,6-3_6-3
Open 13,2,1998,02,08,6-1_6-2
Open 13,2,1998,02,08,6-3_5-5_RET
Open 13,2,1998,02,08,6-2_3-6_6-4
Open 13,2,1998,02,08,4-6_6-0_7-6(2)
Open 13,2,1998,02,08,6-2_1-6_6-3
Open 13,2,1998,02,08,4-6_6-4_6-4
Open 13,2,1998,02,08,7-6(5)_6-4
Open 13,2,1998,02,08,6-3_6-7(1)_6-3
Open 13,2,1998,02,08,6-4_6-1
